test_iter: 25
test_interval: 37
base_lr: 0.00999999977648
display: 4
max_iter: 740
lr_policy: "exp"
gamma: 0.993092417717
momentum: 0.899999976158
weight_decay: 9.99999974738e-05
snapshot: 37
snapshot_prefix: "snapshot"
solver_mode: GPU
net: "train_val.prototxt"
solver_type: SGD
